ta001	1278	3	17	15	8	9	6	5	14	16	7	11	13	18	19	1	4	2	10	20	12
ta002	1359	6	10	17	7	18	15	12	3	1	9	11	8	19	4	13	16	14	5	20	2
ta003	1081	3	4	16	14	13	19	18	20	12	11	10	5	1	7	17	9	6	8	15	2
ta004	1293	13	17	19	9	16	11	15	2	12	20	7	4	10	1	5	8	6	14	3	18
ta005	1235	5	12	3	13	19	9	4	6	17	16	2	10	11	15	14	7	18	1	20	8
ta006	1195	11	14	13	16	12	17	6	15	19	20	4	7	9	1	18	10	8	2	5	3
ta008	1206	17	2	16	9	19	12	18	3	8	14	5	7	13	10	1	20	4	15	6	11
ta009	1230	4	12	10	2	8	1	11	18	17	6	20	3	15	7	16	13	19	14	9	5
ta010	1108	11	7	6	10	16	8	12	19	18	13	14	1	2	5	20	3	15	17	4	9																		
ta011	1582	18	5	2	12	9	10	4	14	15	17	13	3	6	19	8	20	11	7	1	16
ta012	1659	19	15	12	13	17	9	2	16	1	5	11	20	7	4	10	8	14	3	6	18
ta013	1496	4	7	9	2	5	13	16	1	20	15	11	6	10	3	17	14	19	12	18	8
ta014	1377	3	11	6	20	10	12	16	18	13	7	1	9	2	15	8	14	19	4	5	17
ta015	1419	16	8	13	18	14	15	3	12	6	11	19	1	17	2	20	10	4	9	7	5
ta016	1397	8	19	6	18	16	9	3	17	20	11	14	13	7	12	4	5	10	15	2	1
ta017	1484	19	4	6	20	7	12	17	13	18	5	1	9	2	10	16	11	3	14	8	15
ta018	1538	7	19	4	18	2	9	20	15	8	16	14	1	10	17	3	5	13	6	11	12
ta019	1593	14	12	20	8	1	4	13	11	18	17	7	15	3	16	2	10	19	5	6	9
ta020	1591	5	12	19	13	8	6	17	7	10	18	4	3	16	15	20	14	2	9	1	11																		
ta021	2297	16	18	14	7	13	8	15	9	6	20	17	12	10	11	5	1	2	4	3	19
ta022	2099	18	11	6	12	4	15	1	16	19	13	8	14	3	10	20	5	9	7	17	2
ta023	2326	18	19	4	1	13	5	14	8	9	15	11	3	12	17	16	6	20	10	2	7
ta024	2223	3	14	8	4	16	18	12	6	11	20	2	15	13	1	7	5	19	10	17	9
ta025	2291	10	9	1	15	3	18	20	4	13	2	16	19	11	17	12	14	5	7	8	6
ta026	2226	6	13	18	1	2	15	8	16	10	5	9	17	11	20	3	7	12	4	14	19
ta027	2273	17	5	12	9	7	14	16	11	20	15	4	6	19	2	8	18	1	10	3	13
ta028	2200	4	20	5	16	10	7	2	17	11	18	14	19	13	12	3	15	6	8	1	9																														
ta029	2237	1	8	14	6	2	13	7	18	17	4	3	11	15	20	9	10	12	16	19	5																														
ta030	2178	3	7	12	6	13	18	1	2	15	10	17	11	5	4	19	8	20	9	16	14																																								
ta031	2724	31	41	11	4	10	21	29	45	14	26	25	6	47	28	17	39	5	23	1	18	15	2	40	42	3	50	16	13	27	33	46	32	8	30	7	34	12	22	20	48	43	44	37	9	38	24	49	35	19	36
ta032	2834	50	10	49	15	42	18	47	37	5	2	46	33	24	27	22	8	35	45	20	6	30	48	32	7	16	21	39	25	44	9	34	40	3	43	26	29	1	41	38	19	13	14	17	31	12	28	11	23	36	4
ta033	2621	27	8	16	24	23	2	4	1	40	10	13	33	22	41	18	47	48	19	43	3	38	34	50	45	5	25	14	49	29	46	35	20	9	17	32	15	7	44	36	26	42	28	11	37	30	31	6	21	39	12
ta034	2751	42	30	49	2	22	50	24	14	3	41	11	7	35	15	32	40	19	38	5	46	8	13	18	20	4	31	47	28	12	9	26	48	1	10	17	33	27	29	25	16	45	36	23	39	37	21	43	34	6	44
ta035	2863	46	27	30	28	5	48	21	40	43	33	19	34	12	4	6	17	39	1	15	29	9	41	38	35	47	37	13	20	22	23	2	14	44	26	18	8	50	24	10	11	16	31	25	7	32	3	36	49	45	42
ta036	2829	47	28	1	4	41	33	9	39	44	21	23	36	24	20	13	6	8	29	38	15	2	37	40	35	5	34	18	49	10	22	19	7	50	3	16	43	26	11	32	17	46	45	30	25	48	14	27	42	12	31
ta037	2725	27	43	19	5	13	37	49	20	18	31	22	29	46	33	6	15	3	12	36	11	25	2	30	9	14	32	8	34	21	24	39	42	44	38	40	1	4	48	41	10	26	16	35	45	17	7	23	50	47	28
ta038	2683	34	47	7	8	25	31	1	14	33	36	43	10	18	37	29	45	21	19	26	39	44	16	6	48	22	50	9	24	17	30	20	46	35	13	3	5	28	12	11	15	42	27	23	32	41	49	2	4	38	40
ta039	2552	13	10	46	1	24	7	49	3	15	40	11	41	5	38	23	22	19	2	18	28	9	26	20	25	33	4	16	43	44	32	42	47	21	48	45	29	36	27	30	6	34	31	39	35	37	12	8	50	17	14
ta040	2782	6	2	11	34	35	12	27	14	18	1	24	29	15	30	48	16	41	47	36	43	45	49	20	19	10	42	31	28	9	21	7	46	17	8	5	39	23	44	38	40	37	33	4	3	13	25	22	50	26	32										
ta044	3063	20	5	10	28	13	48	37	23	39	22	14	2	34	41	19	36	11	17	18	35	6	46	3	44	26	1	31	16	8	25	40	38	21	4	24	12	43	45	47	49	27	32	15	29	50	33	30	9	42	7
ta046	3006	3	42	24	40	11	9	5	28	22	38	33	47	45	29	39	1	27	36	26	2	14	30	48	46	16	10	50	20	6	13	25	49	8	32	43	44	15	4	21	31	34	18	41	7	17	19	23	37	35	12																					
ta061	5493	58	90	42	31	50	74	39	38	29	62	40	15	86	63	13	44	76	75	49	34	92	70	71	53	78	21	9	16	85	46	81	96	33	24	4	41	25	18	28	67	45	35	83	17	43	19	3	69	12	2	64	79	73	37	7	48	97	52	47	20	60	82	65	94	51	87	27	72	26	23	11	8	100	98	77	54	6	10	56	93	91	57	22	55	59	99	80	68	95	88	89	36	66	61	32	14	30	5	1	84
ta062	5268	88	16	86	7	29	66	40	23	3	39	78	82	74	92	58	41	87	20	26	11	80	63	12	6	90	57	75	36	97	32	100	18	43	98	89	59	71	37	35	21	67	61	84	4	54	96	28	50	51	2	30	95	27	1	94	33	85	64	49	93	14	38	42	48	24	55	81	72	91	34	13	56	46	44	22	62	76	45	15	8	65	60	79	69	19	73	9	10	5	25	68	47	70	17	31	52	77	83	99	53
ta063	5175	68	41	16	89	25	97	14	32	76	53	75	99	80	67	21	4	91	37	9	40	15	98	20	47	30	93	62	6	24	73	35	19	77	82	2	8	44	84	72	38	65	22	63	79	27	43	83	52	54	100	46	50	18	49	31	86	90	45	17	3	95	69	56	60	81	74	59	66	23	57	1	10	5	78	58	92	12	29	87	33	28	13	11	70	85	7	26	61	51	36	94	96	34	48	88	71	64	42	39	55
ta064	5014	20	67	79	92	71	6	86	59	45	40	28	29	49	97	19	95	36	24	50	60	54	18	4	43	90	2	25	12	88	39	10	94	57	3	98	53	41	75	69	13	55	51	72	23	81	73	44	83	30	68	100	99	64	52	48	61	33	66	77	87	47	15	1	9	32	8	34	5	80	74	63	17	22	89	85	35	76	91	42	70	84	7	82	27	46	62	78	11	16	26	58	56	38	31	14	65	96	37	21	93
ta065	5250	72	51	21	67	47	92	82	65	64	93	96	16	76	27	28	2	4	39	6	5	74	38	37	10	12	14	48	88	8	70	86	69	85	80	54	84	41	81	71	26	20	44	68	15	62	46	30	32	97	95	36	53	25	63	31	59	24	45	34	57	42	89	13	78	99	100	33	61	23	40	90	52	66	55	35	49	56	43	7	9	73	60	19	17	3	29	75	91	11	94	22	83	58	18	77	87	98	1	50	79
ta066	5135	83	54	20	73	49	7	93	50	13	95	19	44	6	64	68	100	9	55	28	21	30	47	16	74	56	40	45	53	59	8	3	24	98	22	72	65	10	18	52	89	23	42	58	85	15	80	88	94	60	82	48	66	96	75	1	43	86	99	91	11	70	34	31	14	46	41	87	33	61	39	51	17	5	37	92	97	63	25	90	71	81	84	38	67	69	35	62	78	32	27	76	2	12	79	29	36	77	4	57	26
ta067	5246	45	19	18	62	78	79	92	26	9	93	52	88	69	75	32	56	77	12	43	58	13	96	84	25	100	68	24	23	42	20	44	40	97	91	63	11	15	7	65	57	30	50	85	37	10	6	64	89	94	72	98	87	36	83	82	29	3	51	70	39	17	46	80	86	47	38	48	41	16	90	49	60	81	34	67	54	35	21	2	99	95	61	8	73	59	33	31	14	1	74	4	76	66	55	27	53	71	22	5	28
ta068	5094	56	53	21	83	42	12	49	27	100	84	77	80	54	22	96	62	23	43	9	91	13	71	32	44	7	59	68	34	28	41	81	8	94	79	47	87	11	67	85	55	93	73	39	97	37	61	10	31	74	88	2	52	38	63	19	99	48	6	50	18	92	65	51	20	14	3	26	24	86	29	5	36	82	72	58	60	75	70	1	69	89	45	17	16	4	78	46	57	33	76	30	25	64	90	66	35	95	15	98	40
ta069	5448	70	48	84	57	19	6	59	96	42	32	65	51	36	16	2	98	30	80	31	37	94	88	99	86	89	11	25	50	75	20	33	44	23	7	64	95	55	14	12	39	67	74	3	71	40	73	28	60	87	92	62	77	66	34	76	52	54	26	91	49	1	5	100	35	41	29	4	43	47	90	13	81	8	93	22	27	69	83	56	58	63	46	61	38	79	24	85	82	45	21	15	10	9	78	72	17	68	97	53	18
ta070	5322	24	55	31	20	19	66	56	77	22	16	99	17	18	86	88	48	43	83	93	64	89	15	79	63	45	80	1	73	59	91	78	71	96	39	53	82	30	100	50	87	49	34	28	51	90	12	81	69	72	42	6	40	10	37	9	76	4	23	29	92	95	13	61	94	27	5	97	52	8	14	41	38	84	68	11	70	57	58	3	21	67	32	74	36	85	26	25	7	44	33	54	75	65	60	98	35	47	62	46	2																																																																																															
ta071	5770	70	77	5	58	61	17	44	96	21	29	15	31	64	39	92	49	43	74	27	50	47	22	85	89	14	60	63	9	20	66	41	76	99	97	8	11	94	6	95	80	24	33	51	93	65	36	10	38	67	73	88	19	28	91	59	72	81	34	83	55	62	57	42	35	46	87	98	2	7	84	69	86	68	1	52	56	82	75	90	79	23	4	18	53	100	48	3	78	71	16	13	25	54	32	30	26	37	45	40	12
ta072	5349	69	46	87	66	95	98	49	8	61	86	19	55	10	75	4	5	65	76	54	83	71	82	22	14	35	91	12	52	74	28	80	89	60	26	1	64	2	67	53	77	59	96	34	9	97	72	93	23	90	81	31	29	6	73	85	68	11	40	25	42	70	50	3	45	48	18	15	32	27	78	20	79	57	94	88	100	84	37	30	56	16	58	62	17	33	41	92	47	39	51	63	13	43	38	7	21	36	99	44	24
ta073	5676	58	96	45	34	27	93	50	42	78	89	56	4	66	84	94	39	23	64	31	62	49	22	72	68	38	52	13	76	83	86	98	26	12	54	20	2	65	14	15	73	61	97	10	69	33	11	19	8	75	47	99	88	32	59	7	44	21	3	87	74	85	77	40	95	67	92	80	100	43	28	36	5	35	37	53	41	48	90	79	1	71	30	46	63	51	9	25	60	24	17	16	57	18	91	70	82	29	81	6	55
ta074	5781	5	81	2	56	78	53	24	48	49	14	76	31	91	47	90	71	52	92	43	75	80	96	59	42	28	77	32	40	74	30	20	100	38	13	99	21	66	35	6	25	61	45	36	41	17	19	12	3	22	33	55	37	27	89	4	9	93	29	15	16	57	62	11	83	23	86	54	18	98	34	70	7	88	1	10	87	67	94	65	58	73	60	8	46	50	63	82	39	51	69	97	84	44	72	26	68	64	79	85	95
ta075	5467	83	79	65	33	90	56	100	97	9	10	77	87	94	44	4	46	75	37	57	58	1	34	61	80	23	5	49	2	76	42	39	30	14	55	21	12	51	19	24	62	40	16	71	72	35	68	36	66	54	25	70	15	89	45	8	53	88	63	48	11	41	74	38	69	85	73	7	67	96	47	3	17	99	81	98	28	27	93	82	22	13	86	92	84	18	32	31	64	6	91	20	60	43	29	50	26	59	95	52	78
ta076	5303	78	47	24	64	15	53	43	6	54	20	46	50	80	9	39	14	85	21	2	68	35	25	42	12	76	11	30	93	83	51	70	97	71	38	60	34	98	89	32	74	29	52	5	63	62	86	88	22	66	100	94	77	99	41	8	19	55	31	75	67	7	49	48	91	37	23	81	57	27	17	73	72	36	95	3	4	58	87	69	96	1	84	18	82	61	90	92	16	59	13	56	79	45	10	33	26	40	65	44	28
ta080	5845	57	97	6	71	66	17	8	92	63	37	80	76	33	87	52	9	20	28	11	89	94	35	19	36	14	75	15	40	79	45	83	1	4	70	60	21	78	99	54	72	13	49	96	47	43	82	61	22	86	30	95	51	93	90	5	85	58	46	88	50	64	44	2	39	25	100	10	55	41	77	24	23	53	31	3	48	18	12	74	42	59	81	65	56	32	7	16	98	91	29	67	69	68	38	27	26	84	73	62	34																																																																																																																																																																																																																																																										
ta095	10524	198	74	154	8	99	89	181	188	98	114	12	106	25	110	192	55	193	199	5	191	46	142	157	138	116	196	34	97	37	115	137	151	119	178	67	194	152	62	88	14	111	18	76	15	171	45	148	200	165	9	83	185	127	61	163	100	130	59	180	78	64	175	95	176	126	107	73	50	44	47	183	128	108	150	161	54	168	158	24	170	36	66	177	85	134	112	140	184	3	43	187	160	80	104	29	2	102	38	40	144	164	51	96	156	27	143	81	136	49	162	75	20	41	68	189	190	118	166	79	21	147	71	87	1	60	109	77	145	23	153	7	159	39	135	121	32	69	11	56	141	129	197	53	6	4	19	122	10	133	82	93	173	113	17	91	48	101	120	28	103	57	139	172	26	117	92	123	169	132	65	63	13	84	42	33	22	125	179	94	31	155	72	105	182	16	167	195	52	124	86	70	90	35	58	146	131	174	30	186	149	201
ta099	10438	165	199	124	97	110	12	41	142	134	47	24	168	195	3	153	59	82	75	54	190	185	31	191	55	70	125	85	86	22	17	98	80	126	180	33	34	90	6	52	16	39	50	91	101	149	148	136	43	181	139	32	169	66	29	20	58	107	120	65	38	129	5	147	133	175	92	21	119	138	37	84	51	57	94	160	2	106	49	123	105	178	158	193	146	28	183	89	108	76	115	56	170	173	95	172	36	162	60	182	143	150	177	186	1	10	14	23	45	46	137	113	64	197	117	83	141	27	102	130	151	171	161	174	118	44	25	81	192	167	198	104	100	61	99	7	68	154	67	9	140	200	71	164	8	93	62	63	121	48	127	163	11	72	116	159	26	109	78	4	135	194	30	35	13	87	122	73	184	189	166	77	15	114	179	131	103	187	176	19	144	74	145	112	69	152	79	111	132	53	196	88	156	157	96	128	188	40	18	42	155	201
ta106	11176	98 142 145 180 23 35 195 152 61 190 47 157 181 117 33 171 59 165 130 110 92 101 184 121 60 160 158 95 22 96 81 4 71 49 82 113 151 163 32 50 119 88 191 156 167 120 140 107 200 85 123 199 94 53 175 177 28 115 122 137 54 13 198 108 91 114 44 103 153 70 66 100 139 69 34 174 166 147 15 46 26 39 12 30 58 161 105 73 192 21 80 172 36 14 124 169 188 89 68 194 112 55 146 40 48 67 25 5 164 31 64 27 41 63 51 7 6 18 133 78 10 52 79 173 138 72 111 143 1 29 43 196 162 8 149 154 37 125 57 24 135 131 186 176 150 144 38 132 109 19 106 56 104 2 129 189 16 87 159 136 65 185 74 42 179 90 102 20 193 97 118 126 93 128 116 168 77 155 170 183 76 75 148 127 182 83 197 99 9 45 134 84 141 3 62 17 86 178 11 187